
colstock.C=[94 134 255]/255;
colstock.U=[244 175 22]/255;

colstock.CtoC=[94 134 255]/255;
colstock.UtoU=[244 175 22]/255;
colstock.CtoU=[255, 91, 84]/255;
colstock.UtoC=[125, 223, 63]/255;

colstock.arbitrator=[200, 90, 200]/255;
colstock.light_arbitrator=[217, 164, 217]/255;
colstock.dark_arbitrator=[199, 119, 199]/255;

colstock.SASpe=[85 80 20]/100;
colstock.SSpe=[30 80 30]/100;

colstock.DIFFpe=[90 56 10]/100;
colstock.OMEGApe = [20 55 90]/100;
